1.99e+33 6.96e+10 5770 3.84e+33 1.00e+12 1.29e+00
-1000000000000000.0000       1.0000       1.0000       1.0000       1.0000       1.0000       1.0000       0.0000       1.0000       0.0000
-1100000000000000.1250       1.0000       1.0000       1.0000       1.0000       1.0000       1.0000       0.0000       0.0000       1.0000
-1210000000000000.2500       1.0000       1.0000       1.0000       1.0000       1.0000       1.0000       0.0000       0.0000       1.0000
-1331000000000000.5000       1.0000       1.0000       1.0000       1.0000       1.0000       1.0000       0.0000       0.0000       1.0000
-1464100000000000.7500       1.0000       1.0000       1.0000       1.0000       1.0000       1.0000       0.0000       0.0000       1.0000
-1610510000000001.0000       1.0000       1.0000       1.0000       1.0000       1.0000       1.0000       0.0000       0.0000       1.0000
-1771561000000001.2500       1.0000       1.0000       1.0000       1.0000       1.0000       1.0000       0.0000       0.0000       1.0000
-1948717100000001.5000       1.0000       1.0000       1.0000       1.0000       1.0000       1.0000       0.0000       0.0000       1.0000
-2143588810000001.7500       1.0000       1.0000       1.0000       1.0000       1.0000       1.0000       0.0000       0.0000       1.0000
-2357947691000002.0000       1.0000       1.0000       1.0000       1.0000       1.0000       1.0000       0.0000       0.0000       1.0000
-2593742460100002.5000       1.0000       1.0000       1.0000       1.0000       1.0000       1.0000       0.0000       0.0000       1.0000
-2853116706110003.0000       1.0000       1.0000       1.0000       1.0000       1.0000       1.0000       0.0000       0.0000       1.0000
-3138428376721003.5000       1.0000       1.0000       1.0000       1.0000       1.0000       1.0000       0.0000       0.0000       1.0000
-3452271214393104.0000       1.0000       1.0000       1.0000       1.0000       1.0000       1.0000       0.0000       0.0000       1.0000
-3797498335832414.5000       1.0000       1.0000       1.0000       1.0000       1.0000       1.0000       0.0000       0.0000       1.0000
-4177248169415656.5000       1.0000       1.0000       1.0000       1.0000       1.0000       1.0000       0.0000       0.0000       1.0000
-4594972986357223.0000       1.0000       1.0000       1.0000       1.0000       1.0000       1.0000       0.0000       0.0000       1.0000
-5054470284992946.0000       1.0000       1.0000       1.0000       1.0000       1.0000       1.0000       0.0000       0.0000       1.0000
-5559917313492241.0000       1.0000       1.0000       1.0000       1.0000       1.0000       1.0000       0.0000       0.0000       1.0000
-6115909044841466.0000       1.0000       1.0000       1.0000       1.0000       1.0000       1.0000       0.0000       0.0000       1.0000
-6727499949325613.0000       1.0000       1.0000       1.0000       1.0000       1.0000       1.0000       0.0000       0.0000       1.0000
-7400249944258175.0000       1.0000       1.0000       1.0000       1.0000       1.0000       1.0000       0.0000       0.0000       1.0000
-8140274938683993.0000       1.0000       1.0000       1.0000       1.0000       1.0000       1.0000       0.0000       0.0000       1.0000
-8954302432552393.0000       1.0000       1.0000       1.0000       1.0000       1.0000       1.0000       0.0000       0.0000       1.0000
-9849732675807634.0000       1.0000       1.0000       1.0000       1.0000       1.0000       1.0000       0.0000       0.0000       1.0000
-10834705943388398.0000       1.0000       1.0000       1.0000       1.0000       1.0000       1.0000       0.0000       0.0000       1.0000
-11918176537727238.0000       1.0000       1.0000       1.0000       1.0000       1.0000       1.0000       0.0000       0.0000       1.0000
-13109994191499962.0000       1.0000       1.0000       1.0000       1.0000       1.0000       1.0000       0.0000       0.0000       1.0000
-14420993610649960.0000       1.0000       1.0000       1.0000       1.0000       1.0000       1.0000       0.0000       0.0000       1.0000
-15863092971714958.0000       1.0000       1.0000       1.0000       1.0000       1.0000       1.0000       0.0000       0.0000       1.0000
-17449402268886456.0000       1.0000       1.0000       1.0000       1.0000       1.0000       1.0000       0.0000       0.0000       1.0000
-19194342495775104.0000       1.0000       1.0000       1.0000       1.0000       1.0000       1.0000       0.0000       0.0000       1.0000
-21113776745352616.0000       1.0000       1.0000       1.0000       1.0000       1.0000       1.0000       0.0000       0.0000       1.0000
-23225154419887880.0000       1.0000       1.0000       1.0000       1.0000       1.0000       1.0000       0.0000       0.0000       1.0000
-25547669861876672.0000       1.0000       1.0000       1.0000       1.0000       1.0000       1.0000       0.0000       0.0000       1.0000
-28102436848064340.0000       1.0000       1.0000       1.0000       1.0000       1.0000       1.0000       0.0000       0.0000       1.0000
-30912680532870776.0000       1.0000       1.0000       1.0000       1.0000       1.0000       1.0000       0.0000       0.0000       1.0000
-34003948586157856.0000       1.0000       1.0000       1.0000       1.0000       1.0000       1.0000       0.0000       0.0000       1.0000
-37404343444773648.0000       1.0000       1.0000       1.0000       1.0000       1.0000       1.0000       0.0000       0.0000       1.0000
-41144777789251016.0000       1.0000       1.0000       1.0000       1.0000       1.0000       1.0000       0.0000       0.0000       1.0000
-45259255568176120.0000       1.0000       1.0000       1.0000       1.0000       1.0000       1.0000       0.0000       0.0000       1.0000
-49785181124993736.0000       1.0000       1.0000       1.0000       1.0000       1.0000       1.0000       0.0000       0.0000       1.0000
-54763699237493112.0000       1.0000       1.0000       1.0000       1.0000       1.0000       1.0000       0.0000       0.0000       1.0000
-60240069161242432.0000       1.0000       1.0000       1.0000       1.0000       1.0000       1.0000       0.0000       0.0000       1.0000
-66264076077366680.0000       1.0000       1.0000       1.0000       1.0000       1.0000       1.0000       0.0000       0.0000       1.0000
-72890483685103360.0000       1.0000       1.0000       1.0000       1.0000       1.0000       1.0000       0.0000       0.0000       1.0000
-80179532053613696.0000       1.0000       1.0000       1.0000       1.0000       1.0000       1.0000       0.0000       0.0000       1.0000
-88197485258975072.0000       1.0000       1.0000       1.0000       1.0000       1.0000       1.0000       0.0000       0.0000       1.0000
-97017233784872592.0000       1.0000       1.0000       1.0000       1.0000       1.0000       1.0000       0.0000       0.0000       1.0000
-106718957163359856.0000       1.0000       1.0000       1.0000       1.0000       1.0000       1.0000       0.0000       0.0000       1.0000
-117390852879695856.0000       1.0000       1.0000       1.0000       1.0000       1.0000       1.0000       0.0000       0.0000       1.0000
-129129938167665456.0000       1.0000       1.0000       1.0000       1.0000       1.0000       1.0000       0.0000       0.0000       1.0000
-142042931984432016.0000       1.0000       1.0000       1.0000       1.0000       1.0000       1.0000       0.0000       0.0000       1.0000
-156247225182875232.0000       1.0000       1.0000       1.0000       1.0000       1.0000       1.0000       0.0000       0.0000       1.0000
-171871947701162784.0000       1.0000       1.0000       1.0000       1.0000       1.0000       1.0000       0.0000       0.0000       1.0000
-189059142471279072.0000       1.0000       1.0000       1.0000       1.0000       1.0000       1.0000       0.0000       0.0000       1.0000
-207965056718407008.0000       1.0000       1.0000       1.0000       1.0000       1.0000       1.0000       0.0000       0.0000       1.0000
-228761562390247712.0000       1.0000       1.0000       1.0000       1.0000       1.0000       1.0000       0.0000       0.0000       1.0000
-251637718629272512.0000       1.0000       1.0000       1.0000       1.0000       1.0000       1.0000       0.0000       0.0000       1.0000
-276801490492199776.0000       1.0000       1.0000       1.0000       1.0000       1.0000       1.0000       0.0000       0.0000       1.0000
-304481639541419776.0000       1.0000       1.0000       1.0000       1.0000       1.0000       1.0000       0.0000       0.0000       1.0000
-334929803495561792.0000       1.0000       1.0000       1.0000       1.0000       1.0000       1.0000       0.0000       0.0000       1.0000
-368422783845118016.0000       1.0000       1.0000       1.0000       1.0000       1.0000       1.0000       0.0000       0.0000       1.0000
-405265062229629824.0000       1.0000       1.0000       1.0000       1.0000       1.0000       1.0000       0.0000       0.0000       1.0000
-445791568452592832.0000       1.0000       1.0000       1.0000       1.0000       1.0000       1.0000       0.0000       0.0000       1.0000
-490370725297852160.0000       1.0000       1.0000       1.0000       1.0000       1.0000       1.0000       0.0000       0.0000       1.0000
-539407797827637440.0000       1.0000       1.0000       1.0000       1.0000       1.0000       1.0000       0.0000       0.0000       1.0000
-593348577610401280.0000       1.0000       1.0000       1.0000       1.0000       1.0000       1.0000       0.0000       0.0000       1.0000
-652683435371441408.0000       1.0000       1.0000       1.0000       1.0000       1.0000       1.0000       0.0000       0.0000       1.0000
-717951778908585600.0000       1.0000       1.0000       1.0000       1.0000       1.0000       1.0000       0.0000       0.0000       1.0000
-789746956799444224.0000       1.0000       1.0000       1.0000       1.0000       1.0000       1.0000       0.0000       0.0000       1.0000
-868721652479388672.0000       1.0000       1.0000       1.0000       1.0000       1.0000       1.0000       0.0000       0.0000       1.0000
-955593817727327616.0000       1.0000       1.0000       1.0000       1.0000       1.0000       1.0000       0.0000       0.0000       1.0000
-1051153199500060416.0000       1.0000       1.0000       1.0000       1.0000       1.0000       1.0000       0.0000       0.0000       1.0000
-1156268519450066432.0000       1.0000       1.0000       1.0000       1.0000       1.0000       1.0000       0.0000       0.0000       1.0000
-1271895371395073280.0000       1.0000       1.0000       1.0000       1.0000       1.0000       1.0000       0.0000       0.0000       1.0000
-1399084908534580736.0000       1.0000       1.0000       1.0000       1.0000       1.0000       1.0000       0.0000       0.0000       1.0000
-1538993399388038912.0000       1.0000       1.0000       1.0000       1.0000       1.0000       1.0000       0.0000       0.0000       1.0000
-1692892739326842880.0000       1.0000       1.0000       1.0000       1.0000       1.0000       1.0000       0.0000       0.0000       1.0000
-1862182013259527424.0000       1.0000       1.0000       1.0000       1.0000       1.0000       1.0000       0.0000       0.0000       1.0000
-2048400214585480448.0000       1.0000       1.0000       1.0000       1.0000       1.0000       1.0000       0.0000       0.0000       1.0000
-2253240236044028672.0000       1.0000       1.0000       1.0000       1.0000       1.0000       1.0000       0.0000       0.0000       1.0000
-2478564259648431616.0000       1.0000       1.0000       1.0000       1.0000       1.0000       1.0000       0.0000       0.0000       1.0000
-2726420685613275136.0000       1.0000       1.0000       1.0000       1.0000       1.0000       1.0000       0.0000       0.0000       1.0000
-2999062754174602752.0000       1.0000       1.0000       1.0000       1.0000       1.0000       1.0000       0.0000       0.0000       1.0000
-3298969029592063488.0000       1.0000       1.0000       1.0000       1.0000       1.0000       1.0000       0.0000       0.0000       1.0000
-3628865932551269888.0000       1.0000       1.0000       1.0000       1.0000       1.0000       1.0000       0.0000       0.0000       1.0000
-3991752525806397440.0000       1.0000       1.0000       1.0000       1.0000       1.0000       1.0000       0.0000       0.0000       1.0000
-4390927778387037696.0000       1.0000       1.0000       1.0000       1.0000       1.0000       1.0000       0.0000       0.0000       1.0000
-4830020556225741824.0000       1.0000       1.0000       1.0000       1.0000       1.0000       1.0000       0.0000       0.0000       1.0000
-5313022611848316928.0000       1.0000       1.0000       1.0000       1.0000       1.0000       1.0000       0.0000       0.0000       1.0000
-5844324873033149440.0000       1.0000       1.0000       1.0000       1.0000       1.0000       1.0000       0.0000       0.0000       1.0000
-6428757360336464896.0000       1.0000       1.0000       1.0000       1.0000       1.0000       1.0000       0.0000       0.0000       1.0000
-7071633096370111488.0000       1.0000       1.0000       1.0000       1.0000       1.0000       1.0000       0.0000       0.0000       1.0000
-7778796406007122944.0000       1.0000       1.0000       1.0000       1.0000       1.0000       1.0000       0.0000       0.0000       1.0000
-8556676046607836160.0000       1.0000       1.0000       1.0000       1.0000       1.0000       1.0000       0.0000       0.0000       1.0000
-9412343651268620288.0000       1.0000       1.0000       1.0000       1.0000       1.0000       1.0000       0.0000       0.0000       1.0000
-10353578016395483136.0000       1.0000       1.0000       1.0000       1.0000       1.0000       1.0000       0.0000       0.0000       1.0000
-11388935818035032064.0000       1.0000       1.0000       1.0000       1.0000       1.0000       1.0000       0.0000       0.0000       1.0000
-12527829399838535680.0000       1.0000       1.0000       1.0000       1.0000       1.0000       1.0000       0.0000       0.0000       1.0000
-13780612339822391296.0000       1.0000       1.0000       1.0000       1.0000       1.0000       1.0000       0.0000       0.0000       1.0000
-15158673573804632064.0000       1.0000       1.0000       1.0000       1.0000       1.0000       1.0000       0.0000       0.0000       1.0000
-16674540931185096704.0000       1.0000       1.0000       1.0000       1.0000       1.0000       1.0000       0.0000       0.0000       1.0000
-18341995024303607808.0000       1.0000       1.0000       1.0000       1.0000       1.0000       1.0000       0.0000       0.0000       1.0000
-20176194526733971456.0000       1.0000       1.0000       1.0000       1.0000       1.0000       1.0000       0.0000       0.0000       1.0000
-22193813979407372288.0000       1.0000       1.0000       1.0000       1.0000       1.0000       1.0000       0.0000       0.0000       1.0000
-24413195377348112384.0000       1.0000       1.0000       1.0000       1.0000       1.0000       1.0000       0.0000       0.0000       1.0000
-26854514915082924032.0000       1.0000       1.0000       1.0000       1.0000       1.0000       1.0000       0.0000       0.0000       1.0000
-29539966406591217664.0000       1.0000       1.0000       1.0000       1.0000       1.0000       1.0000       0.0000       0.0000       1.0000
-32493963047250341888.0000       1.0000       1.0000       1.0000       1.0000       1.0000       1.0000       0.0000       0.0000       1.0000
-35743359351975378944.0000       1.0000       1.0000       1.0000       1.0000       1.0000       1.0000       0.0000       0.0000       1.0000
-39317695287172923392.0000       1.0000       1.0000       1.0000       1.0000       1.0000       1.0000       0.0000       0.0000       1.0000
-43249464815890219008.0000       1.0000       1.0000       1.0000       1.0000       1.0000       1.0000       0.0000       0.0000       1.0000
-47574411297479245824.0000       1.0000       1.0000       1.0000       1.0000       1.0000       1.0000       0.0000       0.0000       1.0000
-52331852427227176960.0000       1.0000       1.0000       1.0000       1.0000       1.0000       1.0000       0.0000       0.0000       1.0000
-57565037669949898752.0000       1.0000       1.0000       1.0000       1.0000       1.0000       1.0000       0.0000       0.0000       1.0000
-63321541436944891904.0000       1.0000       1.0000       1.0000       1.0000       1.0000       1.0000       0.0000       0.0000       1.0000
-69653695580639387648.0000       1.0000       1.0000       1.0000       1.0000       1.0000       1.0000       0.0000       0.0000       1.0000
-76619065138703335424.0000       1.0000       1.0000       1.0000       1.0000       1.0000       1.0000       0.0000       0.0000       1.0000
-84280971652573675520.0000       1.0000       1.0000       1.0000       1.0000       1.0000       1.0000       0.0000       0.0000       1.0000
-92709068817831051264.0000       1.0000       1.0000       1.0000       1.0000       1.0000       1.0000       0.0000       0.0000       1.0000
-101979975699614171136.0000       1.0000       1.0000       1.0000       1.0000       1.0000       1.0000       0.0000       0.0000       1.0000
-112177973269575598080.0000       1.0000       1.0000       1.0000       1.0000       1.0000       1.0000       0.0000       0.0000       1.0000
-123395770596533174272.0000       1.0000       1.0000       1.0000       1.0000       1.0000       1.0000       0.0000       0.0000       1.0000
-135735347656186494976.0000       1.0000       1.0000       1.0000       1.0000       1.0000       1.0000       0.0000       0.0000       1.0000
-149308882421805154304.0000       1.0000       1.0000       1.0000       1.0000       1.0000       1.0000       0.0000       0.0000       1.0000
-164239770663985676288.0000       1.0000       1.0000       1.0000       1.0000       1.0000       1.0000       0.0000       0.0000       1.0000
-180663747730384257024.0000       1.0000       1.0000       1.0000       1.0000       1.0000       1.0000       0.0000       0.0000       1.0000
-198730122503422705664.0000       1.0000       1.0000       1.0000       1.0000       1.0000       1.0000       0.0000       0.0000       1.0000
-218603134753764999168.0000       1.0000       1.0000       1.0000       1.0000       1.0000       1.0000       0.0000       0.0000       1.0000
-240463448229141512192.0000       1.0000       1.0000       1.0000       1.0000       1.0000       1.0000       0.0000       0.0000       1.0000
-264509793052055699456.0000       1.0000       1.0000       1.0000       1.0000       1.0000       1.0000       0.0000       0.0000       1.0000
-290960772357261295616.0000       1.0000       1.0000       1.0000       1.0000       1.0000       1.0000       0.0000       0.0000       1.0000
-320056849592987418624.0000       1.0000       1.0000       1.0000       1.0000       1.0000       1.0000       0.0000       0.0000       1.0000
-352062534552286199808.0000       1.0000       1.0000       1.0000       1.0000       1.0000       1.0000       0.0000       0.0000       1.0000
-387268788007514865664.0000       1.0000       1.0000       1.0000       1.0000       1.0000       1.0000       0.0000       0.0000       1.0000
-425995666808266358784.0000       1.0000       1.0000       1.0000       1.0000       1.0000       1.0000       0.0000       0.0000       1.0000
-468595233489093001216.0000       1.0000       1.0000       1.0000       1.0000       1.0000       1.0000       0.0000       0.0000       1.0000
-515454756838002327552.0000       1.0000       1.0000       1.0000       1.0000       1.0000       1.0000       0.0000       0.0000       1.0000
-567000232521802579968.0000       1.0000       1.0000       1.0000       1.0000       1.0000       1.0000       0.0000       0.0000       1.0000
-623700255773982851072.0000       1.0000       1.0000       1.0000       1.0000       1.0000       1.0000       0.0000       0.0000       1.0000
-686070281351381254144.0000       1.0000       1.0000       1.0000       1.0000       1.0000       1.0000       0.0000       0.0000       1.0000
-754677309486519418880.0000       1.0000       1.0000       1.0000       1.0000       1.0000       1.0000       0.0000       0.0000       1.0000
-830145040435171426304.0000       1.0000       1.0000       1.0000       1.0000       1.0000       1.0000       0.0000       0.0000       1.0000
-913159544478688608256.0000       1.0000       1.0000       1.0000       1.0000       1.0000       1.0000       0.0000       0.0000       1.0000
-1004475498926557495296.0000       1.0000       1.0000       1.0000       1.0000       1.0000       1.0000       0.0000       0.0000       1.0000
-1104923048819213336576.0000       1.0000       1.0000       1.0000       1.0000       1.0000       1.0000       0.0000       0.0000       1.0000
-1215415353701134761984.0000       1.0000       1.0000       1.0000       1.0000       1.0000       1.0000       0.0000       0.0000       1.0000
-1336956889071248474112.0000       1.0000       1.0000       1.0000       1.0000       1.0000       1.0000       0.0000       0.0000       1.0000
-1470652577978373373952.0000       1.0000       1.0000       1.0000       1.0000       1.0000       1.0000       0.0000       0.0000       1.0000
-1617717835776210763776.0000       1.0000       1.0000       1.0000       1.0000       1.0000       1.0000       0.0000       0.0000       1.0000
-1779489619353831997440.0000       1.0000       1.0000       1.0000       1.0000       1.0000       1.0000       0.0000       0.0000       1.0000
-1957438581289215328256.0000       1.0000       1.0000       1.0000       1.0000       1.0000       1.0000       0.0000       0.0000       1.0000
-2153182439418137149440.0000       1.0000       1.0000       1.0000       1.0000       1.0000       1.0000       0.0000       0.0000       1.0000
-2368500683359951257600.0000       1.0000       1.0000       1.0000       1.0000       1.0000       1.0000       0.0000       0.0000       1.0000
-2605350751695946645504.0000       1.0000       1.0000       1.0000       1.0000       1.0000       1.0000       0.0000       0.0000       1.0000
-2865885826865541677056.0000       1.0000       1.0000       1.0000       1.0000       1.0000       1.0000       0.0000       0.0000       1.0000
-3152474409552096264192.0000       1.0000       1.0000       1.0000       1.0000       1.0000       1.0000       0.0000       0.0000       1.0000
-3467721850507306205184.0000       1.0000       1.0000       1.0000       1.0000       1.0000       1.0000       0.0000       0.0000       1.0000
-3814494035558037192704.0000       1.0000       1.0000       1.0000       1.0000       1.0000       1.0000       0.0000       0.0000       1.0000
-4195943439113841016832.0000       1.0000       1.0000       1.0000       1.0000       1.0000       1.0000       0.0000       0.0000       1.0000
-4615537783025225433088.0000       1.0000       1.0000       1.0000       1.0000       1.0000       1.0000       0.0000       0.0000       1.0000
-5077091561327748448256.0000       1.0000       1.0000       1.0000       1.0000       1.0000       1.0000       0.0000       0.0000       1.0000
-5584800717460524236800.0000       1.0000       1.0000       1.0000       1.0000       1.0000       1.0000       0.0000       0.0000       1.0000
-6143280789206576660480.0000       1.0000       1.0000       1.0000       1.0000       1.0000       1.0000       0.0000       0.0000       1.0000
-6757608868127235375104.0000       1.0000       1.0000       1.0000       1.0000       1.0000       1.0000       0.0000       0.0000       1.0000
-7433369754939959541760.0000       1.0000       1.0000       1.0000       1.0000       1.0000       1.0000       0.0000       0.0000       1.0000
-8176706730433956544512.0000       1.0000       1.0000       1.0000       1.0000       1.0000       1.0000       0.0000       0.0000       1.0000
-8994377403477352513536.0000       1.0000       1.0000       1.0000       1.0000       1.0000       1.0000       0.0000       0.0000       1.0000
-9893815143825089232896.0000       1.0000       1.0000       1.0000       1.0000       1.0000       1.0000       0.0000       0.0000       1.0000
-10883196658207598575616.0000       1.0000       1.0000       1.0000       1.0000       1.0000       1.0000       0.0000       0.0000       1.0000
-11971516324028358852608.0000       1.0000       1.0000       1.0000       1.0000       1.0000       1.0000       0.0000       0.0000       1.0000
-13168667956431195996160.0000       1.0000       1.0000       1.0000       1.0000       1.0000       1.0000       0.0000       0.0000       1.0000
-14485534752074316644352.0000       1.0000       1.0000       1.0000       1.0000       1.0000       1.0000       0.0000       0.0000       1.0000
-15934088227281749147648.0000       1.0000       1.0000       1.0000       1.0000       1.0000       1.0000       0.0000       0.0000       1.0000
-17527497050009926369280.0000       1.0000       1.0000       1.0000       1.0000       1.0000       1.0000       0.0000       0.0000       1.0000
-19280246755010921103360.0000       1.0000       1.0000       1.0000       1.0000       1.0000       1.0000       0.0000       0.0000       1.0000
-21208271430512015310848.0000       1.0000       1.0000       1.0000       1.0000       1.0000       1.0000       0.0000       0.0000       1.0000
-23329098573563218100224.0000       1.0000       1.0000       1.0000       1.0000       1.0000       1.0000       0.0000       0.0000       1.0000
-25662008430919543685120.0000       1.0000       1.0000       1.0000       1.0000       1.0000       1.0000       0.0000       0.0000       1.0000
-28228209274011500150784.0000       1.0000       1.0000       1.0000       1.0000       1.0000       1.0000       0.0000       0.0000       1.0000
-31051030201412653940736.0000       1.0000       1.0000       1.0000       1.0000       1.0000       1.0000       0.0000       0.0000       1.0000
-34156133221553923948544.0000       1.0000       1.0000       1.0000       1.0000       1.0000       1.0000       0.0000       0.0000       1.0000
-37571746543709320118272.0000       1.0000       1.0000       1.0000       1.0000       1.0000       1.0000       0.0000       0.0000       1.0000
-41328921198080252968960.0000       1.0000       1.0000       1.0000       1.0000       1.0000       1.0000       0.0000       0.0000       1.0000
-45461813317888278265856.0000       1.0000       1.0000       1.0000       1.0000       1.0000       1.0000       0.0000       0.0000       1.0000
-50007994649677108609024.0000       1.0000       1.0000       1.0000       1.0000       1.0000       1.0000       0.0000       0.0000       1.0000
-55008794114644821147648.0000       1.0000       1.0000       1.0000       1.0000       1.0000       1.0000       0.0000       0.0000       1.0000
-60509673526109306617856.0000       1.0000       1.0000       1.0000       1.0000       1.0000       1.0000       0.0000       0.0000       1.0000
-66560640878720239796224.0000       1.0000       1.0000       1.0000       1.0000       1.0000       1.0000       0.0000       0.0000       1.0000
-73216704966592273842176.0000       1.0000       1.0000       1.0000       1.0000       1.0000       1.0000       0.0000       0.0000       1.0000
-80538375463251499548672.0000       1.0000       1.0000       1.0000       1.0000       1.0000       1.0000       0.0000       0.0000       1.0000
-88592213009576662925312.0000       1.0000       1.0000       1.0000       1.0000       1.0000       1.0000       0.0000       0.0000       1.0000
-97451434310534334251008.0000       1.0000       1.0000       1.0000       1.0000       1.0000       1.0000       0.0000       0.0000       1.0000
-107196577741587779420160.0000       1.0000       1.0000       1.0000       1.0000       1.0000       1.0000       0.0000       0.0000       1.0000
-117916235515746565750784.0000       1.0000       1.0000       1.0000       1.0000       1.0000       1.0000       0.0000       0.0000       1.0000
-129707859067321232392192.0000       1.0000       1.0000       1.0000       1.0000       1.0000       1.0000       0.0000       0.0000       1.0000
-142678644974053369053184.0000       1.0000       1.0000       1.0000       1.0000       1.0000       1.0000       0.0000       0.0000       1.0000
-156946509471458732802048.0000       1.0000       1.0000       1.0000       1.0000       1.0000       1.0000       0.0000       0.0000       1.0000
-172641160418604609437696.0000       1.0000       1.0000       1.0000       1.0000       1.0000       1.0000       0.0000       0.0000       1.0000
-189905276460465077092352.0000       1.0000       1.0000       1.0000       1.0000       1.0000       1.0000       0.0000       0.0000       1.0000
-208895804106511598223360.0000       1.0000       1.0000       1.0000       1.0000       1.0000       1.0000       0.0000       0.0000       1.0000
-229785384517162774822912.0000       1.0000       1.0000       1.0000       1.0000       1.0000       1.0000       0.0000       0.0000       1.0000
-252763922968879065726976.0000       1.0000       1.0000       1.0000       1.0000       1.0000       1.0000       0.0000       0.0000       1.0000
-278040315265766979010560.0000       1.0000       1.0000       1.0000       1.0000       1.0000       1.0000       0.0000       0.0000       1.0000
-305844346792343710466048.0000       1.0000       1.0000       1.0000       1.0000       1.0000       1.0000       0.0000       0.0000       1.0000
-336428781471578101645312.0000       1.0000       1.0000       1.0000       1.0000       1.0000       1.0000       0.0000       0.0000       1.0000
-370071659618735958786048.0000       1.0000       1.0000       1.0000       1.0000       1.0000       1.0000       0.0000       0.0000       1.0000
-407078825580609574797312.0000       1.0000       1.0000       1.0000       1.0000       1.0000       1.0000       0.0000       0.0000       1.0000
-447786708138670545698816.0000       1.0000       1.0000       1.0000       1.0000       1.0000       1.0000       0.0000       0.0000       1.0000
-492565378952537640534016.0000       1.0000       1.0000       1.0000       1.0000       1.0000       1.0000       0.0000       0.0000       1.0000
-541821916847791478407168.0000       1.0000       1.0000       1.0000       1.0000       1.0000       1.0000       0.0000       0.0000       1.0000
-596004108532570679934976.0000       1.0000       1.0000       1.0000       1.0000       1.0000       1.0000       0.0000       0.0000       1.0000
-655604519385827754639360.0000       1.0000       1.0000       1.0000       1.0000       1.0000       1.0000       0.0000       0.0000       1.0000
-721164971324410530103296.0000       1.0000       1.0000       1.0000       1.0000       1.0000       1.0000       0.0000       0.0000       1.0000
-793281468456851690487808.0000       1.0000       1.0000       1.0000       1.0000       1.0000       1.0000       0.0000       0.0000       1.0000
-872609615302536980332544.0000       1.0000       1.0000       1.0000       1.0000       1.0000       1.0000       0.0000       0.0000       1.0000
-959870576832790705209344.0000       1.0000       1.0000       1.0000       1.0000       1.0000       1.0000       0.0000       0.0000       1.0000
-1055857634516069869682688.0000       1.0000       1.0000       1.0000       1.0000       1.0000       1.0000       0.0000       0.0000       1.0000
-1161443397967676977446912.0000       1.0000       1.0000       1.0000       1.0000       1.0000       1.0000       0.0000       0.0000       1.0000
-1277587737764444755722240.0000       1.0000       1.0000       1.0000       1.0000       1.0000       1.0000       0.0000       0.0000       1.0000
-1405346511540889231294464.0000       1.0000       1.0000       1.0000       1.0000       1.0000       1.0000       0.0000       0.0000       1.0000
-1545881162694978181267456.0000       1.0000       1.0000       1.0000       1.0000       1.0000       1.0000       0.0000       0.0000       1.0000
-1700469278964476106768384.0000       1.0000       1.0000       1.0000       1.0000       1.0000       1.0000       0.0000       0.0000       1.0000
-1870516206860923744288768.0000       1.0000       1.0000       1.0000       1.0000       1.0000       1.0000       0.0000       0.0000       1.0000
-2057567827547016172404736.0000       1.0000       1.0000       1.0000       1.0000       1.0000       1.0000       0.0000       0.0000       1.0000
-2263324610301717897019392.0000       1.0000       1.0000       1.0000       1.0000       1.0000       1.0000       0.0000       0.0000       1.0000
-2489657071331889633034240.0000       1.0000       1.0000       1.0000       1.0000       1.0000       1.0000       0.0000       0.0000       1.0000
-2738622778465078864773120.0000       1.0000       1.0000       1.0000       1.0000       1.0000       1.0000       0.0000       0.0000       1.0000
-3012485056311587019685888.0000       1.0000       1.0000       1.0000       1.0000       1.0000       1.0000       0.0000       0.0000       1.0000
-3313733561942746043777024.0000       1.0000       1.0000       1.0000       1.0000       1.0000       1.0000       0.0000       0.0000       1.0000
-3645106918137020809216000.0000       1.0000       1.0000       1.0000       1.0000       1.0000       1.0000       0.0000       0.0000       1.0000
-4009617609950723158573056.0000       1.0000       1.0000       1.0000       1.0000       1.0000       1.0000       0.0000       0.0000       1.0000
-4410579370945795581804544.0000       1.0000       1.0000       1.0000       1.0000       1.0000       1.0000       0.0000       0.0000       1.0000
-4851637308040375569481728.0000       1.0000       1.0000       1.0000       1.0000       1.0000       1.0000       0.0000       0.0000       1.0000
-5336801038844413985423360.0000       1.0000       1.0000       1.0000       1.0000       1.0000       1.0000       0.0000       0.0000       1.0000
-5870481142728855383965696.0000       1.0000       1.0000       1.0000       1.0000       1.0000       1.0000       0.0000       0.0000       1.0000
-6457529257001741566607360.0000       1.0000       1.0000       1.0000       1.0000       1.0000       1.0000       0.0000       0.0000       1.0000
-7103282182701916797009920.0000       1.0000       1.0000       1.0000       1.0000       1.0000       1.0000       0.0000       0.0000       1.0000
-7813610400972109013581824.0000       1.0000       1.0000       1.0000       1.0000       1.0000       1.0000       0.0000       0.0000       1.0000
-8594971441069320344436736.0000       1.0000       1.0000       1.0000       1.0000       1.0000       1.0000       0.0000       0.0000       1.0000
-9454468585176253559996416.0000       1.0000       1.0000       1.0000       1.0000       1.0000       1.0000       0.0000       0.0000       1.0000
-10399915443693879023370240.0000       1.0000       1.0000       1.0000       1.0000       1.0000       1.0000       0.0000       0.0000       1.0000
-11439906988063266925707264.0000       1.0000       1.0000       1.0000       1.0000       1.0001       1.0000       0.0000       0.0000       1.0000
-12583897686869595121516544.0000       1.0000       1.0000       1.0000       1.0000       1.0001       1.0000       0.0000       0.0000       1.0000
-13842287455556555063164928.0000       1.0000       1.0000       1.0000       1.0000       1.0001       1.0000       0.0000       0.0000       1.0000
-15226516201112211428474880.0000       1.0000       1.0000       1.0000       1.0000       1.0001       1.0000       0.0000       0.0000       1.0000
-16749167821223434718806016.0000       1.0000       1.0000       1.0000       1.0000       1.0001       1.0000       0.0000       0.0000       1.0000
-18424084603345778834931712.0000       1.0000       1.0000       1.0000       1.0000       1.0001       1.0000       0.0000       0.0000       1.0000
-20266493063680358006915072.0000       1.0000       1.0000       1.0000       1.0000       1.0001       1.0001       0.0000       0.0000       1.0000
-22293142370048397243580416.0000       1.0000       1.0000       1.0000       1.0000       1.0001       1.0001       0.0000       0.0000       1.0000
-24522456607053240833409024.0000       1.0000       1.0000       1.0000       1.0000       1.0001       1.0001       0.0000       0.0000       1.0000
-26974702267758567493730304.0000       1.0000       1.0000       1.0000       1.0000       1.0001       1.0001       0.0000       0.0000       1.0000
-29672172494534426820083712.0000       1.0000       1.0000       1.0001       1.0000       1.0001       1.0001       0.0000       0.0000       1.0000
-32639389743987870790582272.0000       1.0000       1.0000       1.0001       1.0000       1.0001       1.0001       0.0000       0.0000       1.0000
-35903328718386659158130688.0000       1.0000       1.0000       1.0001       1.0000       1.0002       1.0001       0.0000       0.0000       1.0000
-39493661590225330227904512.0000       1.0000       1.0000       1.0001       1.0000       1.0002       1.0001       0.0000       0.0000       1.0000
-43443027749247866686668800.0000       1.0000       1.0000       1.0001       1.0000       1.0002       1.0001       0.0000       0.0000       1.0000
-47787330524172653355335680.0000       1.0000       1.0000       1.0001       1.0000       1.0002       1.0001       0.0000       0.0000       1.0000
-52566063576589922985836544.0000       1.0000       1.0000       1.0001       1.0000       1.0002       1.0001       0.0000       0.0000       1.0000
-57822669934248922156367872.0000       1.0000       1.0000       1.0001       1.0000       1.0003       1.0002       0.0000       0.0000       1.0000
-63604936927673817807978496.0000       1.0000       1.0000       1.0001       1.0000       1.0003       1.0002       0.0000       0.0000       1.0000
-69965430620441201306763264.0000       1.0000       1.0000       1.0001       1.0000       1.0003       1.0002       0.0000       0.0000       1.0000
-76961973682485328309387264.0000       1.0000       1.0000       1.0001       1.0000       1.0003       1.0002       0.0000       0.0000       1.0000
-84658171050733872307240960.0000       1.0000       1.0000       1.0002       1.0000       1.0004       1.0002       0.0000       0.0000       1.0000
-93123988155807259537965056.0000       1.0000       1.0000       1.0002       1.0000       1.0004       1.0003       0.0000       0.0000       1.0000
-102436386971387995799683072.0000       1.0000       1.0000       1.0002       1.0000       1.0005       1.0003       0.0000       0.0000       1.0000
-112680025668526807405559808.0000       1.0000       1.0000       1.0002       1.0000       1.0005       1.0003       0.0000       0.0000       1.0000
-123948028235379501890011136.0000       1.0000       1.0000       1.0002       1.0000       1.0006       1.0003       0.0000       0.0000       1.0000
-136342831058917462386933760.0000       1.0000       1.0000       1.0002       1.0000       1.0006       1.0004       0.0000       0.0000       1.0000
-149977114164809225805496320.0000       1.0000       1.0000       1.0003       1.0000       1.0007       1.0004       0.0000       0.0000       1.0000
-164974825581290156975980544.0000       1.0000       1.0000       1.0003       1.0000       1.0007       1.0004       0.0000       0.0000       1.0000
-181472308139419196725395456.0000       1.0000       1.0000       1.0003       1.0000       1.0008       1.0005       0.0000       0.0000       1.0000
-199619538953361143885725696.0000       1.0000       1.0000       1.0004       1.0000       1.0009       1.0005       0.0000       0.0000       1.0000
-219581492848697285762088960.0000       1.0000       1.0000       1.0004       1.0000       1.0010       1.0006       0.0000       0.0000       1.0000
-241539642133567048698036224.0000       1.0000       1.0000       1.0004       1.0000       1.0011       1.0007       0.0000       0.0000       1.0000
-265693606346923760439787520.0000       1.0000       1.0000       1.0005       1.0000       1.0012       1.0007       0.0000       0.0000       1.0000
-292262966981616153663635456.0000       1.0000       1.0000       1.0005       1.0000       1.0013       1.0008       0.0000       0.0000       1.0000
-321489263679777813697658880.0000       1.0000       1.0000       1.0006       1.0000       1.0014       1.0009       0.0000       0.0000       1.0000
-353638190047755629427163136.0000       1.0000       1.0000       1.0006       1.0000       1.0016       1.0010       0.0000       0.0000       1.0000
-389002009052531219857670144.0000       1.0000       1.0000       1.0007       1.0000       1.0018       1.0011       0.0000       0.0000       1.0000
-427902209957784348715384832.0000       1.0000       1.0000       1.0008       1.0000       1.0019       1.0012       0.0000       0.0000       1.0000
-470692430953562838562504704.0000       1.0000       1.0000       1.0008       1.0000       1.0021       1.0013       0.0000       0.0000       1.0000
-517761674048919163650441216.0000       1.0000       1.0000       1.0009       1.0000       1.0023       1.0014       0.0000       0.0000       1.0000
-569537841453811141863014400.0000       1.0000       1.0000       1.0010       1.0000       1.0026       1.0015       0.0000       0.0000       1.0000
-626491625599192256049315840.0000       1.0000       1.0000       1.0011       1.0000       1.0028       1.0017       0.0000       0.0000       1.0000
-689140788159111550373724160.0000       1.0000       1.0000       1.0012       1.0000       1.0031       1.0019       0.0000       0.0000       1.0000
-758054866975022774130573312.0000       1.0000       1.0000       1.0014       1.0000       1.0034       1.0020       0.0000       0.0000       1.0000
-833860353672525175238688768.0000       1.0000       1.0000       1.0015       1.0000       1.0038       1.0023       0.0000       0.0000       1.0000
-917246389039777775225929728.0000       1.0000       1.0000       1.0016       1.0000       1.0041       1.0025       0.0000       0.0000       1.0000
-1008971027943755635211894784.0000       1.0000       1.0000       1.0018       1.0000       1.0045       1.0027       0.0000       0.0000       1.0000
-1109868130738131239964770304.0000       1.0000       1.0000       1.0020       1.0000       1.0050       1.0030       0.0000       0.0000       1.0000
-1220854943811944473912410112.0000       1.0000       1.0000       1.0022       1.0000       1.0055       1.0033       0.0000       0.0000       1.0000
-1342940438193138976279232512.0000       1.0000       1.0000       1.0024       1.0000       1.0060       1.0036       0.0000       0.0000       1.0000
-1477234482012452928882737152.0000       1.0000       1.0000       1.0027       1.0000       1.0066       1.0040       0.0000       0.0000       1.0000
-1624957930213698276746592256.0000       1.0000       1.0000       1.0029       1.0000       1.0073       1.0044       0.0000       0.0000       1.0000
-1787453723235068131909042176.0000       1.0000       1.0000       1.0032       1.0000       1.0080       1.0048       0.0000       0.0000       1.0000
-1966199095558575110026690560.0000       1.0000       1.0000       1.0035       1.0000       1.0089       1.0053       0.0000       0.0000       1.0000
-2162819005114432895907266560.0000       1.0000       1.0000       1.0039       1.0000       1.0097       1.0058       0.0000       0.0000       1.0000
-2379100905625876460375900160.0000       1.0000       1.0000       1.0043       1.0000       1.0107       1.0064       0.0000       0.0000       1.0000
-2617010996188464106413490176.0000       1.0000       1.0000       1.0047       1.0000       1.0118       1.0071       0.0000       0.0000       1.0000
-2878712095807310956859490304.0000       1.0000       1.0000       1.0052       1.0000       1.0130       1.0078       0.0000       0.0000       1.0000
-3166583305388042437374509056.0000       1.0000       1.0000       1.0057       1.0000       1.0143       1.0085       0.0000       0.0000       1.0000
-3483241635926847120916611072.0000       1.0000       1.0000       1.0062       1.0000       1.0157       1.0094       0.0000       0.0000       1.0000
-3831565799519531887983853568.0000       1.0000       1.0000       1.0069       1.0000       1.0172       1.0103       0.0000       0.0000       1.0000
-4214722379471485296684564480.0000       1.0000       1.0000       1.0075       1.0000       1.0190       1.0113       0.0000       0.0000       1.0000
-4636194617418634376108834816.0000       1.0000       1.0000       1.0083       1.0000       1.0209       1.0125       0.0000       0.0000       1.0000
-5099814079160498253524369408.0000       1.0000       1.0000       1.0091       1.0000       1.0230       1.0137       0.0000       0.0000       1.0000
-5609795487076548298779131904.0000       1.0000       1.0000       1.0100       1.0000       1.0253       1.0151       0.0000       0.0000       1.0000
-6170775035784203788364021760.0000       1.0000       1.0000       1.0110       1.0000       1.0278       1.0166       0.0000       0.0000       1.0000
-6787852539362624716956237824.0000       1.0000       1.0000       1.0121       1.0000       1.0306       1.0182       0.0000       0.0000       1.0000
-7466637793298887848358838272.0000       1.0000       1.0000       1.0133       1.0000       1.0336       1.0200       0.0000       0.0000       1.0000
-8213301572628776963048210432.0000       1.0000       1.0000       1.0146       1.0000       1.0370       1.0220       0.0000       0.0000       1.0000
-9034631729891655538962333696.0000       1.0000       1.0000       1.0161       1.0000       1.0407       1.0242       0.0000       0.0000       1.0000
-9938094902880822632174845952.0000       1.0000       1.0000       1.0177       1.0000       1.0447       1.0266       0.0000       0.0000       1.0000
-10931904393168905775001632768.0000       0.9999       1.0000       1.0194       1.0000       1.0492       1.0292       0.0000       0.0000       1.0000
-12025094832485796572404121600.0000       0.9999       1.0000       1.0213       1.0000       1.0541       1.0321       0.0000       0.0000       1.0000
-13227604315734377329156161536.0000       0.9999       1.0000       1.0234       1.0000       1.0595       1.0353       0.0000       0.0000       1.0000
-14550364747307815501876428800.0000       0.9999       1.0000       1.0257       1.0000       1.0655       1.0388       0.0000       0.0000       1.0000
-16005401222038598151575699456.0000       0.9999       1.0000       1.0282       1.0000       1.0720       1.0426       0.0000       0.0000       1.0000
-17605941344242458406537920512.0000       0.9999       1.0000       1.0310       1.0000       1.0793       1.0468       0.0000       0.0000       1.0000
-19366535478666706226312642560.0000       0.9999       1.0000       1.0340       1.0000       1.0872       1.0514       0.0000       0.0000       1.0000
-21303189026533377948455534592.0000       0.9999       1.0000       1.0374       1.0000       1.0959       1.0564       0.0000       0.0000       1.0000
-23433507929186718821933645824.0000       0.9999       1.0000       1.0410       1.0000       1.1055       1.0620       0.0000       0.0000       1.0000
-25776858722105392463345614848.0000       0.9999       1.0000       1.0450       1.0000       1.1160       1.0680       0.0000       0.0000       1.0000
-28354544594315933029094129664.0000       0.9999       0.9999       1.0493       1.0000       1.1276       1.0746       0.0000       0.0000       1.0000
-31189999053747530290245402624.0000       0.9998       0.9999       1.0541       1.0000       1.1404       1.0819       0.0000       0.0000       1.0000
-34308998959122285078488547328.0000       0.9998       0.9999       1.0593       1.0000       1.1544       1.0899       0.0000       0.0000       1.0000
-37739898855034514905751355392.0000       0.9998       0.9999       1.0649       1.0000       1.1699       1.0986       0.0000       0.0000       1.0000
-41513888740537969474959048704.0000       0.9998       0.9999       1.0711       1.0000       1.1869       1.1081       0.0000       0.0000       1.0000
-45665277614591772579720069120.0000       0.9998       0.9999       1.0779       1.0000       1.2056       1.1185       0.0000       0.0000       1.0000
-50231805376050949837692076032.0000       0.9997       0.9999       1.0852       1.0000       1.2261       1.1298       0.0000       0.0000       1.0000
-55254985913656050099117096960.0000       0.9997       0.9999       1.0932       1.0000       1.2487       1.1423       0.0000       0.0000       1.0000
-60780484505021659507075317760.0000       0.9997       0.9999       1.1019       1.0000       1.2736       1.1558       0.0000       0.0000       1.0000
-66858532955523829855829360640.0000       0.9997       0.9999       1.1114       1.0000       1.3010       1.1706       0.0000       0.0000       1.0000
-73544386251076217239458807808.0000       0.9996       0.9999       1.1217       1.0000       1.3311       1.1867       0.0000       0.0000       1.0000
-80898824876183838083795386368.0000       0.9996       0.9999       1.1328       1.0000       1.3642       1.2042       0.0000       0.0000       1.0000
-88988707363802234206705156096.0000       0.9996       0.9999       1.1449       1.0000       1.4006       1.2233       0.0000       0.0000       1.0000
-97887578100182473460343111680.0000       0.9995       0.9998       1.1580       1.0000       1.4407       1.2441       0.0000       0.0000       1.0000
-107676335910200720806377422848.0000       0.9995       0.9998       1.1722       1.0000       1.4847       1.2666       0.0000       0.0000       1.0000
-118443969501220805201545396224.0000       0.9994       0.9998       1.1875       1.0000       1.5332       1.2911       0.0000       0.0000       1.0000
-130288366451342896277011562496.0000       0.9993       0.9998       1.2040       1.0000       1.5865       1.3177       0.0000       0.0000       1.0000
-143317203096477201737680158720.0000       0.9993       0.9998       1.2218       1.0000       1.6452       1.3465       0.0000       0.0000       1.0000
-157648923406124930707541196800.0000       0.9992       0.9998       1.2410       1.0000       1.7097       1.3777       0.0000       0.0000       1.0000
-173413815746737423778295316480.0000       0.9991       0.9997       1.2616       1.0000       1.7807       1.4114       0.0000       0.0000       1.0000
-190755197321411166156124848128.0000       0.9990       0.9997       1.2837       1.0000       1.8587       1.4479       0.0000       0.0000       1.0000
-209830717053552286290174541824.0000       0.9989       0.9997       1.3075       1.0000       1.9446       1.4873       0.0000       0.0000       1.0000
-230813788758907543066689667072.0000       0.9988       0.9997       1.3329       1.0000       2.0391       1.5298       0.0000       0.0000       1.0000
-253895167634798329039293513728.0000       0.9987       0.9996       1.3600       1.0000       2.1430       1.5757       0.0000       0.0000       1.0000
-279284684398278183053846118400.0000       0.9986       0.9996       1.3891       1.0000       2.2573       1.6251       0.0000       0.0000       1.0000
-307213152838106036543602819072.0000       0.9985       0.9996       1.4200       1.0000       2.3831       1.6782       0.0000       0.0000       1.0000
-337934468121916689456084025344.0000       0.9983       0.9995       1.4530       1.0000       2.5214       1.7353       0.0000       0.0000       1.0000
-371727914934108421733562187776.0000       0.9981       0.9995       1.4881       1.0000       2.6735       1.7966       0.0000       0.0000       1.0000
-408900706427519306128164913152.0000       0.9979       0.9995       1.5253       1.0000       2.8408       1.8625       0.0000       0.0000       1.0000
-449790777070271285999102328832.0000       0.9977       0.9994       1.5648       1.0000       3.0249       1.9330       0.0000       0.0000       1.0000
-494769854777298428672761397248.0000       0.9975       0.9994       1.6067       1.0000       3.2274       2.0086       0.0000       0.0000       1.0000
-544246840255028327835032879104.0000       0.9973       0.9993       1.6511       1.0000       3.4501       2.0896       0.0000       0.0000       1.0000
-598671524280531223950405926912.0000       0.9970       0.9993       1.6980       1.0000       3.6950       2.1761       0.0000       0.0000       1.0000
-658538676708584360419195355136.0000       0.9967       0.9992       1.7475       1.0000       3.9645       2.2686       0.0000       0.0000       1.0000
-724392544379442838682361397248.0000       0.9964       0.9992       1.7998       1.0000       4.2608       2.3674       0.0000       0.0000       1.0000
-796831798817387249214337056768.0000       0.9960       0.9991       1.8548       1.0000       4.5868       2.4729       0.0000       0.0000       1.0000
-876514978699126100799510282240.0000       0.9956       0.9991       1.9128       1.0000       4.9453       2.5853       0.0000       0.0000       1.0000
-964166476569038851616949665792.0000       0.9952       0.9990       1.9738       1.0000       5.3395       2.7052       0.0000       0.0000       1.0000
-1060583124225942821221137645568.0000       0.9947       0.9989       2.0379       1.0000       5.7731       2.8328       0.0000       0.0000       1.0000
-1166641436648537159638246752256.0000       0.9941       0.9989       2.1053       1.0000       6.2500       2.9687       0.0000       0.0000       1.0000
-1283305580313390988192062111744.0000       0.9936       0.9988       2.1759       1.0000       6.7744       3.1133       0.0000       0.0000       1.0000
-1411636138344730115158765993984.0000       0.9929       0.9987       2.2500       1.0000       7.3511       3.2671       0.0000       0.0000       1.0000
-1552799752179203154822140264448.0000       0.9922       0.9986       2.3277       1.0000       7.9852       3.4306       0.0000       0.0000       1.0000
-1708079727397123667336837988352.0000       0.9914       0.9986       2.4090       1.0000       8.6825       3.6042       0.0000       0.0000       1.0000
-1878887700136836259250503155712.0000       0.9906       0.9985       2.4941       1.0000       9.4492       3.7887       0.0000       0.0000       1.0000
-2066776470150520110355534839808.0000       0.9896       0.9984       2.5831       1.0000      10.2921       3.9845       0.0000       0.0000       1.0000
-2273454117165572177686083665920.0000       0.9886       0.9983       2.6761       1.0000      11.2187       4.1922       0.0000       0.0000       1.0000
-2500799528882129536192180387840.0000       0.9874       0.9982       2.7733       1.0000      12.2373       4.4126       0.0000       0.0000       1.0000
-2750879481770342771286375137280.0000       0.9862       0.9981       2.8748       1.0000      13.3569       4.6463       0.0000       0.0000       1.0000
-3025967429947377329889989361664.0000       0.9848       0.9980       2.9807       1.0000      14.5875       4.8940       0.0000       0.0000       1.0000
-3328564172942115513238951034880.0000       0.9833       0.9979       3.0912       1.0000      15.9397       5.1564       0.0000       0.0000       1.0000
-3661420590236327346037822849024.0000       0.9816       0.9977       3.2065       1.0000      17.4256       5.4345       0.0000       0.0000       1.0000
-4027562649259960531001567870976.0000       0.9798       0.9976       3.3267       1.0000      19.0581       5.7289       0.0000       0.0000       1.0000
-4430318914185956978166692052992.0000       0.9777       0.9975       3.4519       1.0000      20.8514       6.0406       0.0000       0.0000       1.0000
-4873350805604552901163342626816.0000       0.9755       0.9974       3.5823       1.0000      22.8209       6.3705       0.0000       0.0000       1.0000
-5360685886165008866819620995072.0000       0.9731       0.9972       3.7181       1.0000      24.9836       6.7195       0.0000       0.0000       1.0000
-5896754474781510541631517884416.0000       0.9704       0.9971       3.8594       1.0000      27.3580       7.0886       0.0000       0.0000       1.0000
-6486429922259662271334613778432.0000       0.9674       0.9969       4.0065       1.0000      29.9641       7.4789       0.0000       0.0000       1.0000
-7135072914485629286598009946112.0000       0.9641       0.9967       4.1594       1.0000      32.8238       7.8914       0.0000       0.0000       1.0000
-7848580205934193003387745730560.0000       0.9606       0.9966       4.3184       1.0000      35.9610       8.3273       0.0000       0.0000       1.0000
-8633438226527612866676473724928.0000       0.9566       0.9964       4.4837       1.0000      39.4013       8.7877       0.0000       0.0000       1.0000
-9496782049180374491114093150208.0000       0.9523       0.9962       4.6554       1.0000      43.1727       9.2737       0.0000       0.0000       1.0000
-10446460254098411715045521096704.0000       0.9475       0.9960       4.8336       1.0000      47.3055       9.7868       0.0000       0.0000       1.0000
-11491106279508253336910035943424.0000       0.9423       0.9958       5.0186       1.0000      51.8323      10.3279       0.0000       0.0000       1.0000
-12640216907459080246860909117440.0000       0.9365       0.9956       5.2106       1.0000      56.7880      10.8986       0.0000       0.0000       1.0000
-13904238598204989397446906871808.0000       0.9301       0.9954       5.4096       1.0000      62.2104      11.5000       0.0000       0.0000       1.0000
-15294662458025489237911523033088.0000       0.9231       0.9952       5.6158       1.0000      68.1397      12.1335       0.0000       0.0000       1.0000
-16824128703828039062422600810496.0000       0.9155       0.9950       5.8294       1.0000      74.6188      12.8004       0.0000       0.0000       1.0000
-18506541574210844770104711839744.0000       0.9070       0.9947       6.0505       1.0000      81.6930      13.5019       0.0000       0.0000       1.0000
-20357195731631931949274959446016.0000       0.8977       0.9945       6.2791       1.0000      89.4104      14.2393       0.0000       0.0000       1.0000
-22392915304795126945642306338816.0000       0.8875       0.9942       6.5154       1.0000      97.8211      15.0139       0.0000       0.0000       1.0000
-24632206835274643693446201606144.0000       0.8762       0.9939       6.7593       1.0000     106.9773      15.8266       0.0000       0.0000       1.0000
-27095427518802110764950598189056.0000       0.8638       0.9936       7.0109       1.0000     116.9324      16.6786       0.0000       0.0000       1.0000
-29804970270682323642885508956160.0000       0.8502       0.9933       7.2701       1.0000     127.7409      17.5706       0.0000       0.0000       1.0000
-32785467297750560510773687222272.0000       0.8352       0.9930       7.5369       1.0000     139.4571      18.5033       0.0000       0.0000       1.0000
-36064014027525617912930944155648.0000       0.8188       0.9927       7.8109       1.0000     152.1340      19.4771       0.0000       0.0000       1.0000
-39670415430278182856743777730560.0000       0.8007       0.9923       8.0920       1.0000     165.8218      20.4920       0.0000       0.0000       1.0000
-43637456973306003394217969188864.0000       0.7807       0.9920       8.3798       1.0000     180.5655      21.5477       0.0000       0.0000       1.0000
-48001202670636610939399169900544.0000       0.7588       0.9916       8.6738       1.0000     196.4029      22.6432       0.0000       0.0000       1.0000
-52801322937700279239098490683392.0000       0.7347       0.9912       8.9734       1.0000     213.3604      23.7770       0.0000       0.0000       1.0000
-58081455231470310765888041648128.0000       0.7081       0.9908       9.2777       1.0000     231.4497      24.9469       0.0000       0.0000       1.0000
-63889600754617342743196771287040.0000       0.6789       0.9904       9.5857       1.0000     250.6614      26.1494       0.0000       0.0000       1.0000
-70278560830079081521116075786240.0000       0.6468       0.9899       9.8962       1.0000     270.9589      27.3800       0.0000       0.0000       1.0000
-77306416913086994176827310735360.0000       0.6115       0.9894      10.2076       1.0000     292.2697      28.6327       0.0000       0.0000       1.0000
-85037058604395693594510041808896.0000       0.5727       0.9889      10.5178       1.0000     314.4749      29.8994       0.0000       0.0000       1.0000
-93540764464835273762600151678976.0000       0.5299       0.9884      10.8244       1.0000     337.3958      31.1699       0.0000       0.0000       1.0000
-102894840911318802940300017795072.0000       0.4829       0.9878      11.1245       1.0000     360.7779      32.4310       0.0000       0.0000       1.0000
-113184325002450695844408976211968.0000       0.4312       0.9872      11.4142       1.0000     384.2705      33.6660       0.0000       0.0000       1.0000
-124502757502695770833169426677760.0000       0.3744       0.9866      11.6890       1.0000     407.4015      34.8533       0.0000       0.0000       1.0000
-136953033252965356923685624086528.0000       0.3118       0.9859      11.9432       1.0000     429.5465      35.9658       0.0000       0.0000       1.0000
-150648336578261907027572994080768.0000       0.2430       0.9852      12.1695       1.0000     449.8904      36.9688       0.0000       0.0000       1.0000
-165713170236088103134649846333440.0000       0.1673       0.9844      12.3587       1.0000     467.3803      37.8179       0.0000       0.0000       1.0000
-182284487259696913448114830966784.0000       0.0840       0.9836      12.4992       1.0000     480.6665      38.4557       0.0000       0.0000       1.0000
-200512935985666630013084227338240.0000      -0.0076       0.9827      12.5758       1.0000     488.0304      38.8070       0.0000       0.0000       1.0000
